61 
82 
58 
34 
76 
71 
66 
41 
60 
77 
59 
47 
88 
71 
57 
80 
53 
73 
85 
78 
63 
89 
85 
53 
69 
50 
59 
63 
63 
67 
57 
75 
81 
90 
73 
74 
75 
75 
82 
82 
69 
63 
61 
72 
85 
78 
60 
72 
78 
43 
54 
68 
78 
67 
81 
90 
36 
65 
66 
77 
82 
82 
67 
67 
78 
68 
77 
74 
67 
84 
80 
68 
72 
45 
65 
47 
75 
84 
45 
86 
71 
87 
70 
81 
61 
63 
87 
79 
72 
60 
61 
75 
69 
58 
80 
74 
84 
76 
74 
74 
89 
65 
78 
65 
84 
83 
84 
55 
74 
86 
78 
80 
71 
62 
71 
70 
65 
38 
66 
82 
73 
72 
53 
83 
51 
81 
76 
72 
63 
48 
80 
79 
66 
80 
70 
64 
65 
70 
66 
50 
66 
80 
62 
90 
82 
84 
81 
74 
75 
79 
58 
73 
85 
55 
57 
72 
84 
77 
79 
54 
48 
54 
71 
73 
74 
68 
47 
47 
47 
61 
70 
79 
90 
73 
80 
68 
59 
80 
46 
51 
47 
75 
83 
49 
53 
90 
65 
69 
63 
82 
88 
68 
71 
